#... Cluster ID are referred to Magneticum Box2b
#...	    HaloID, M500c [Mo/h], R500c [kpc/h], Mvir [Mo/h]
#... Cluster #1: HaloID(0, 1),1.35e15,1536.5271,1.96e15
#... Cluster #2: HaloID(0, 2),7.51e14,1262.3514,1.48e15
#... Cluster #3: HaloID(0, 3),4.55e14,1068.0947,7.48e14
#... Cluster #4: HaloID(0, 4),3.83e14,1008.51544,6.85e14
#... Cluster #5: HaloID(0, 5),5.82e14,1159.3064,1.13e15
#... The gas density profiles are expressed in unit of cm^-3
#... r/R500c, #1, #2, #3, #4, #5
0.5,0.00060509006,0.000525677,0.0004679413,0.0004925825,0.0005346508
0.5153612,0.0005782581,0.0004998847,0.00044163878,0.00046782955,0.0005276915
0.5311943,0.0005381001,0.0005017369,0.00042096875,0.00045323657,0.00048783963
0.5475139,0.0005087095,0.00046629558,0.00040864976,0.00042148159,0.00045793445
0.56433487,0.00047727293,0.00043224456,0.00038194074,0.00040515795,0.00043077435
0.58167255,0.00043806175,0.00042063335,0.00036841023,0.0003923569,0.00040675
0.599543,0.00040952573,0.00040532925,0.00034531378,0.0003762164,0.00038668982
0.61796236,0.00038735074,0.000379709,0.0003327132,0.00034629038,0.0003684688
0.63694763,0.0003604535,0.00036891765,0.00030659625,0.00032126898,0.0003380364
0.6565162,0.0003327561,0.0003561601,0.000291576,0.00030045514,0.00031962647
0.676686,0.0003051378,0.00033481666,0.0002828854,0.0002901986,0.00030554514
0.6974754,0.00028271796,0.00031888887,0.0002613749,0.00027477878,0.0002928878
0.71890354,0.0002557808,0.00030634023,0.0002487292,0.00025911472,0.00026735515
0.74099,0.0002360902,0.0002867783,0.00022965985,0.00024813984,0.00024611084
0.7637549,0.00021189816,0.00027944104,0.00021684103,0.00023252312,0.00023050769
0.78721935,0.00019055842,0.00025864324,0.00019929264,0.00022230878,0.00021262081
0.8114046,0.0001718153,0.00023993927,0.00018636943,0.00021175557,0.00020053635
0.8363329,0.00015464534,0.00021908923,0.00017332418,0.0001986039,0.00018577793
0.86202705,0.00013968434,0.00020452164,0.00016627816,0.00018281939,0.00017419664
0.8885106,0.00012536053,0.0001847018,0.00015584672,0.00017367254,0.00016186772
0.9158078,0.000110412184,0.00017503998,0.00014167538,0.00015631918,0.00015213816
0.94394356,9.982983e-5,0.00016064616,0.0001336284,0.00014563331,0.00013933973
0.97294384,9.243638e-5,0.00015055606,0.00012544249,0.00013612698,0.00013083071
1.002835,8.510988e-5,0.00014338378,0.00011904312,0.00012797561,0.00011811488
1.0336444,7.721117e-5,0.00013067335,0.00010848353,0.00011757018,0.000108587876
1.0654005,6.981702e-5,0.000120142446,9.996295e-5,0.0001067463,0.000100521145
1.0981321,6.358187e-5,0.00011278159,9.36557e-5,9.698483e-5,9.316186e-5
1.1318694,5.7120855e-5,0.00010320941,8.6850414e-5,9.348843e-5,8.5485626e-5
1.1666431,5.15648e-5,9.6645264e-5,7.970573e-5,8.0949976e-5,7.593251e-5
1.2024853,4.7162957e-5,8.986118e-5,7.33065e-5,7.3986535e-5,6.925021e-5
1.2394285,4.2745185e-5,8.326746e-5,6.729402e-5,6.591823e-5,6.167406e-5
1.2775067,4.0403105e-5,7.737527e-5,6.3754655e-5,6.0424543e-5,5.8668073e-5
1.3167548,3.711681e-5,6.94156e-5,6.0348713e-5,5.5342454e-5,5.3732012e-5
1.3572087,3.2109314e-5,6.339111e-5,5.4242882e-5,5.1375875e-5,4.7678204e-5
1.3989054,2.9226081e-5,5.7546404e-5,4.988292e-5,4.7814483e-5,4.3021137e-5
1.4418831,2.646618e-5,5.114349e-5,4.65266e-5,4.4121713e-5,3.8660484e-5
1.4861813,2.411692e-5,4.685755e-5,4.2710944e-5,3.9756764e-5,3.6534406e-5
1.5318403,2.1769209e-5,4.192282e-5,3.9943083e-5,3.6367528e-5,3.3264445e-5
1.5789021,2.0215733e-5,3.6371788e-5,3.6697456e-5,3.3425775e-5,3.0426701e-5
1.6274098,1.8060457e-5,3.250909e-5,3.347122e-5,3.220726e-5,2.8598879e-5
1.6774079,1.6221122e-5,2.8778608e-5,3.0021454e-5,2.9269439e-5,2.593262e-5
1.7289418,1.5089791e-5,2.5633308e-5,2.7955073e-5,2.6388441e-5,2.3680852e-5
1.782059,1.3881804e-5,2.2438566e-5,2.5129457e-5,2.468338e-5,2.1946928e-5
1.8368081,1.2548536e-5,2.0397858e-5,2.3195162e-5,2.2926211e-5,2.0719026e-5
1.8932393,1.1424032e-5,1.7920418e-5,2.0861575e-5,1.9888594e-5,1.9526798e-5
1.9514042,1.0765676e-5,1.6038046e-5,1.949558e-5,1.9307503e-5,1.8890118e-5
2.0113559,9.458166e-6,1.4671985e-5,1.857948e-5,1.7016515e-5,1.7247447e-5
2.0731497,8.598821e-6,1.3558877e-5,1.7442297e-5,1.6196356e-5,1.5749849e-5
2.1368418,7.725971e-6,1.2671273e-5,1.64251e-5,1.4051393e-5,1.45047425e-5
2.2024908,7.0452675e-6,1.15036055e-5,1.5563519e-5,1.3836045e-5,1.3734456e-5
2.2701564,6.4262817e-6,1.0664085e-5,1.42466615e-5,1.2828135e-5,1.2771504e-5
2.3399012,6.0086404e-6,1.03862e-5,1.3452727e-5,1.1421517e-5,1.1823829e-5
2.4117887,5.1488614e-6,1.0005718e-5,1.2362384e-5,1.0321219e-5,1.0825748e-5
2.4858844,4.673557e-6,9.585155e-6,1.1784384e-5,9.423677e-6,9.6243075e-6
2.562257,4.0685227e-6,9.136038e-6,1.1416631e-5,8.667508e-6,8.96612e-6
2.6409757,3.6192919e-6,8.679808e-6,1.1218773e-5,7.759903e-6,8.014584e-6
2.722113,3.51649e-6,8.575825e-6,1.0428859e-5,7.1160403e-6,7.222525e-6
2.8057427,3.1245452e-6,8.72139e-6,9.822976e-6,6.5644135e-6,6.4299757e-6
2.8919418,2.9030903e-6,8.789135e-6,9.18136e-6,6.167347e-6,5.887061e-6
2.9807892,2.7844035e-6,9.0795e-6,8.957597e-6,5.8999303e-6,5.476019e-6
3.0723662,2.5379811e-6,9.215684e-6,8.594574e-6,5.965265e-6,4.9617765e-6
3.1667569,2.339571e-6,9.347044e-6,8.330328e-6,5.4137654e-6,4.241421e-6
3.2640471,2.3628397e-6,8.4889925e-6,7.809917e-6,5.329327e-6,3.9091447e-6
3.3643262,2.1555413e-6,7.390673e-6,7.221164e-6,5.006661e-6,3.3872218e-6
3.4676867,1.9871854e-6,6.923057e-6,6.780769e-6,4.5904108e-6,3.0254378e-6
3.574222,1.9278484e-6,6.400091e-6,6.610293e-6,4.3035197e-6,2.8418747e-6
3.6840308,1.737351e-6,5.900566e-6,6.2785307e-6,4.3811283e-6,2.644558e-6
3.7972133,1.5987634e-6,5.650632e-6,5.926331e-6,4.3693994e-6,2.442445e-6
3.9138727,1.4726254e-6,5.372034e-6,5.962452e-6,4.2790225e-6,2.09958e-6
4.0341163,1.3830592e-6,5.123998e-6,6.115149e-6,4.3155787e-6,2.0164832e-6
4.1580544,1.3869891e-6,4.7491467e-6,5.424979e-6,4.4296316e-6,1.955434e-6
4.2857995,1.3497854e-6,4.592752e-6,4.952199e-6,4.335272e-6,1.8191126e-6
4.4174695,1.268379e-6,4.68342e-6,4.2162924e-6,4.4111216e-6,1.8243275e-6
4.553185,1.2077548e-6,4.635245e-6,3.509237e-6,4.7255494e-6,1.7579113e-6
4.69307,1.1913831e-6,4.7508966e-6,2.9654223e-6,5.151232e-6,1.837494e-6
4.837252,1.2805959e-6,4.683932e-6,2.5310756e-6,5.9390554e-6,1.8580243e-6
4.985864,1.1497799e-6,4.021602e-6,2.2539589e-6,5.2581977e-6,1.7760433e-6
5.139042,1.0800849e-6,3.3648585e-6,2.1374e-6,4.034535e-6,1.5616437e-6
5.2969255,1.0585505e-6,2.7570943e-6,2.067699e-6,3.4080763e-6,1.5891164e-6
5.4596596,1.1532193e-6,2.396263e-6,1.981801e-6,2.939073e-6,1.6041371e-6
5.6273932,1.292448e-6,2.133987e-6,1.9918173e-6,2.524734e-6,1.64006e-6
5.8002806,1.4253669e-6,1.8192271e-6,2.0338011e-6,2.3816615e-6,1.7427914e-6
5.9784794,1.2890733e-6,1.6409988e-6,2.285951e-6,2.2149916e-6,1.856792e-6
6.162153,1.068321e-6,1.5065132e-6,2.2922e-6,2.0708183e-6,1.8577357e-6
6.351469,9.082939e-7,1.3730288e-6,2.2426555e-6,1.9890108e-6,1.6229494e-6
6.5466013,9.152489e-7,1.2876122e-6,1.9506315e-6,1.8382177e-6,1.3564728e-6
6.7477283,8.502133e-7,1.2395976e-6,1.6415829e-6,1.5602266e-6,1.1767627e-6
6.9550347,7.917539e-7,1.1567226e-6,1.4559379e-6,1.3475205e-6,1.0562569e-6
7.1687107,7.008263e-7,1.0382837e-6,1.2974365e-6,1.2982142e-6,9.307645e-7
7.3889503,7.472637e-7,9.962515e-7,1.1791409e-6,1.1161111e-6,8.646627e-7
7.615957,7.638256e-7,9.844596e-7,1.214344e-6,1.1508301e-6,7.977052e-7
7.849937,7.884733e-7,1.0101612e-6,1.308152e-6,1.1444034e-6,7.231989e-7
8.091105,8.149479e-7,1.0285693e-6,1.150876e-6,1.0130298e-6,6.644955e-7
8.339684,7.1744563e-7,1.0361755e-6,1.0566545e-6,9.437927e-7,6.37441e-7
8.5959,6.271219e-7,1.0288279e-6,9.2372005e-7,9.845204e-7,6.6376225e-7
8.859986,6.019231e-7,1.1328763e-6,8.2610876e-7,9.698764e-7,7.086558e-7
9.132186,6.2412937e-7,1.0370169e-6,7.27e-7,1.0295884e-6,7.3616314e-7
9.412748,6.786059e-7,8.652366e-7,7.1011146e-7,1.0388798e-6,7.688104e-7
9.701931,6.6289283e-7,7.338028e-7,7.0963097e-7,1.145919e-6,7.909208e-7
