  0.0  0.1  0.2  0.3 
1.0000e-01 7.4444e-01 4.2001e-01 2.1246e-01 1.2473e-01 
2.0000e-01 3.6759e+00 2.2573e+00 1.3523e+00 8.8655e-01 
3.0000e-01 5.5479e+00 3.5035e+00 2.2370e+00 1.5160e+00 
4.0000e-01 7.2099e+00 4.6596e+00 3.0709e+00 2.0983e+00 
5.0000e-01 8.6190e+00 5.6502e+00 3.7857e+00 2.6035e+00 
6.0000e-01 9.5871e+00 6.3513e+00 4.3042e+00 2.9822e+00 
7.0000e-01 1.0107e+01 6.7564e+00 4.6225e+00 3.2289e+00 
8.0000e-01 1.0221e+01 6.8851e+00 4.7506e+00 3.3458e+00 
9.0000e-01 1.0023e+01 6.7948e+00 4.7229e+00 3.3520e+00 
1.0000e+00 9.6388e+00 6.5669e+00 4.5920e+00 3.2809e+00 
1.1000e+00 9.1978e+00 6.2914e+00 4.4203e+00 3.1754e+00 
1.2000e+00 8.8023e+00 6.0403e+00 4.2597e+00 3.0733e+00 
1.3000e+00 8.5069e+00 5.8536e+00 4.1411e+00 2.9983e+00 
1.4000e+00 8.3103e+00 5.7327e+00 4.0667e+00 2.9529e+00 
1.5000e+00 8.1804e+00 5.6562e+00 4.0224e+00 2.9282e+00 
1.6000e+00 8.1033e+00 5.6151e+00 4.0024e+00 2.9203e+00 
1.7000e+00 8.0623e+00 5.5982e+00 3.9989e+00 2.9239e+00 
1.8000e+00 8.0446e+00 5.5967e+00 4.0058e+00 2.9346e+00 
1.9000e+00 8.0378e+00 5.6021e+00 4.0171e+00 2.9481e+00 
2.0000e+00 8.0392e+00 5.6126e+00 4.0315e+00 2.9636e+00 
2.1000e+00 8.0459e+00 5.6263e+00 4.0479e+00 2.9803e+00 
2.2000e+00 8.0556e+00 5.6417e+00 4.0652e+00 2.9973e+00 
2.3000e+00 8.0668e+00 5.6578e+00 4.0826e+00 3.0144e+00 
2.4000e+00 8.0787e+00 5.6739e+00 4.0998e+00 3.0310e+00 
2.5000e+00 8.0883e+00 5.6881e+00 4.1151e+00 3.0461e+00 
2.6000e+00 8.0965e+00 5.7011e+00 4.1293e+00 3.0602e+00 
2.7000e+00 8.1037e+00 5.7129e+00 4.1425e+00 3.0734e+00 
2.8000e+00 8.1096e+00 5.7234e+00 4.1544e+00 3.0855e+00 
2.9000e+00 8.1147e+00 5.7331e+00 4.1657e+00 3.0971e+00 
3.0000e+00 8.1180e+00 5.7410e+00 4.1755e+00 3.1072e+00 
3.1000e+00 8.1204e+00 5.7482e+00 4.1845e+00 3.1167e+00 
3.2000e+00 8.1218e+00 5.7542e+00 4.1927e+00 3.1254e+00 
3.3000e+00 8.1219e+00 5.7592e+00 4.1998e+00 3.1332e+00 
3.4000e+00 8.1212e+00 5.7634e+00 4.2063e+00 3.1405e+00 
3.5000e+00 8.1192e+00 5.7664e+00 4.2117e+00 3.1468e+00 
3.6000e+00 8.1165e+00 5.7689e+00 4.2167e+00 3.1528e+00 
3.7000e+00 8.1127e+00 5.7704e+00 4.2207e+00 3.1579e+00 
3.8000e+00 8.1082e+00 5.7713e+00 4.2241e+00 3.1626e+00 
3.9000e+00 8.1028e+00 5.7715e+00 4.2269e+00 3.1668e+00 
4.0000e+00 8.0967e+00 5.7709e+00 4.2290e+00 3.1703e+00 
4.1000e+00 8.0903e+00 5.7701e+00 4.2309e+00 3.1737e+00 
4.2000e+00 8.0830e+00 5.7684e+00 4.2319e+00 3.1763e+00 
4.3000e+00 8.0756e+00 5.7667e+00 4.2330e+00 3.1789e+00 
4.4000e+00 8.0671e+00 5.7639e+00 4.2330e+00 3.1806e+00 
4.5000e+00 8.0583e+00 5.7609e+00 4.2329e+00 3.1822e+00 
4.6000e+00 8.0491e+00 5.7575e+00 4.2324e+00 3.1834e+00 
4.7000e+00 8.0386e+00 5.7528e+00 4.2309e+00 3.1838e+00 
4.8000e+00 8.0281e+00 5.7482e+00 4.2294e+00 3.1842e+00 
4.9000e+00 8.0171e+00 5.7431e+00 4.2275e+00 3.1841e+00 
5.0000e+00 8.0057e+00 5.7375e+00 4.2251e+00 3.1837e+00 
5.1000e+00 7.9943e+00 5.7320e+00 4.2228e+00 3.1833e+00 
5.2000e+00 7.9827e+00 5.7261e+00 4.2201e+00 3.1825e+00 
5.3000e+00 7.9709e+00 5.7200e+00 4.2172e+00 3.1815e+00 
5.4000e+00 7.9590e+00 5.7138e+00 4.2143e+00 3.1805e+00 
5.5000e+00 7.9467e+00 5.7071e+00 4.2109e+00 3.1790e+00 
5.6000e+00 7.9339e+00 5.7000e+00 4.2072e+00 3.1772e+00 
5.7000e+00 7.9212e+00 5.6929e+00 4.2035e+00 3.1754e+00 
5.8000e+00 7.9084e+00 5.6857e+00 4.1996e+00 3.1735e+00 
5.9000e+00 7.8955e+00 5.6782e+00 4.1955e+00 3.1713e+00 
6.0000e+00 7.8826e+00 5.6708e+00 4.1914e+00 3.1692e+00 
6.1000e+00 7.8697e+00 5.6633e+00 4.1873e+00 3.1670e+00 
6.2000e+00 7.8566e+00 5.6555e+00 4.1828e+00 3.1645e+00 
6.3000e+00 7.8436e+00 5.6478e+00 4.1783e+00 3.1619e+00 
6.4000e+00 7.8305e+00 5.6400e+00 4.1739e+00 3.1594e+00 
6.5000e+00 7.8175e+00 5.6322e+00 4.1693e+00 3.1568e+00 
6.6000e+00 7.8044e+00 5.6242e+00 4.1646e+00 3.1539e+00 
6.7000e+00 7.7913e+00 5.6163e+00 4.1598e+00 3.1511e+00 
6.8000e+00 7.7782e+00 5.6083e+00 4.1551e+00 3.1483e+00 
6.9000e+00 7.7652e+00 5.6003e+00 4.1502e+00 3.1454e+00 
7.0000e+00 7.7523e+00 5.5923e+00 4.1453e+00 3.1424e+00 
7.1000e+00 7.7394e+00 5.5843e+00 4.1404e+00 3.1394e+00 
7.2000e+00 7.7264e+00 5.5762e+00 4.1355e+00 3.1364e+00 
7.3000e+00 7.7135e+00 5.5682e+00 4.1305e+00 3.1333e+00 
7.4000e+00 7.7006e+00 5.5601e+00 4.1254e+00 3.1301e+00 
7.5000e+00 7.6877e+00 5.5520e+00 4.1204e+00 3.1269e+00 
7.6000e+00 7.6748e+00 5.5439e+00 4.1153e+00 3.1237e+00 
7.7000e+00 7.6619e+00 5.5358e+00 4.1101e+00 3.1204e+00 
7.8000e+00 7.6489e+00 5.5275e+00 4.1048e+00 3.1170e+00 
7.9000e+00 7.6359e+00 5.5193e+00 4.0995e+00 3.1136e+00 
8.0000e+00 7.6229e+00 5.5110e+00 4.0942e+00 3.1102e+00 
8.1000e+00 7.6099e+00 5.5028e+00 4.0889e+00 3.1068e+00 
8.2000e+00 7.5971e+00 5.4946e+00 4.0836e+00 3.1033e+00 
8.3000e+00 7.5843e+00 5.4864e+00 4.0782e+00 3.0998e+00 
8.4000e+00 7.5716e+00 5.4782e+00 4.0728e+00 3.0963e+00 
8.5000e+00 7.5588e+00 5.4700e+00 4.0675e+00 3.0927e+00 
8.6000e+00 7.5460e+00 5.4618e+00 4.0621e+00 3.0892e+00 
8.7000e+00 7.5334e+00 5.4536e+00 4.0567e+00 3.0856e+00 
8.8000e+00 7.5208e+00 5.4454e+00 4.0512e+00 3.0820e+00 
8.9000e+00 7.5082e+00 5.4372e+00 4.0458e+00 3.0784e+00 
9.0000e+00 7.4956e+00 5.4290e+00 4.0403e+00 3.0747e+00 
9.1000e+00 7.4829e+00 5.4208e+00 4.0349e+00 3.0711e+00 
9.2000e+00 7.4706e+00 5.4128e+00 4.0295e+00 3.0675e+00 
9.3000e+00 7.4584e+00 5.4048e+00 4.0241e+00 3.0639e+00 
9.4000e+00 7.4463e+00 5.3968e+00 4.0187e+00 3.0603e+00 
9.5000e+00 7.4341e+00 5.3888e+00 4.0134e+00 3.0567e+00 
9.6000e+00 7.4219e+00 5.3808e+00 4.0080e+00 3.0531e+00 
9.7000e+00 7.4097e+00 5.3729e+00 4.0026e+00 3.0494e+00 
9.8000e+00 7.3977e+00 5.3649e+00 3.9972e+00 3.0457e+00 
9.9000e+00 7.3857e+00 5.3570e+00 3.9918e+00 3.0420e+00 
1.0000e+01 7.3737e+00 5.3491e+00 3.9864e+00 3.0383e+00 
1.0100e+01 7.3617e+00 5.3411e+00 3.9810e+00 3.0346e+00 
1.0200e+01 7.3497e+00 5.3332e+00 3.9756e+00 3.0309e+00 
1.0300e+01 7.3379e+00 5.3254e+00 3.9703e+00 3.0272e+00 
1.0400e+01 7.3263e+00 5.3176e+00 3.9649e+00 3.0236e+00 
1.0500e+01 7.3147e+00 5.3099e+00 3.9596e+00 3.0199e+00 
1.0600e+01 7.3031e+00 5.3021e+00 3.9543e+00 3.0162e+00 
1.0700e+01 7.2915e+00 5.2944e+00 3.9490e+00 3.0125e+00 
1.0800e+01 7.2799e+00 5.2867e+00 3.9437e+00 3.0088e+00 
1.0900e+01 7.2684e+00 5.2790e+00 3.9384e+00 3.0052e+00 
1.1000e+01 7.2572e+00 5.2715e+00 3.9332e+00 3.0015e+00 
1.1100e+01 7.2460e+00 5.2640e+00 3.9280e+00 2.9979e+00 
1.1200e+01 7.2348e+00 5.2564e+00 3.9228e+00 2.9942e+00 
1.1300e+01 7.2236e+00 5.2489e+00 3.9176e+00 2.9906e+00 
1.1400e+01 7.2123e+00 5.2414e+00 3.9124e+00 2.9869e+00 
1.1500e+01 7.2012e+00 5.2339e+00 3.9072e+00 2.9833e+00 
1.1600e+01 7.1903e+00 5.2266e+00 3.9021e+00 2.9797e+00 
1.1700e+01 7.1795e+00 5.2193e+00 3.8970e+00 2.9761e+00 
1.1800e+01 7.1687e+00 5.2119e+00 3.8919e+00 2.9725e+00 
1.1900e+01 7.1579e+00 5.2046e+00 3.8868e+00 2.9689e+00 
1.2000e+01 7.1471e+00 5.1973e+00 3.8817e+00 2.9653e+00 
1.2100e+01 7.1363e+00 5.1900e+00 3.8766e+00 2.9617e+00 
1.2200e+01 7.1256e+00 5.1828e+00 3.8716e+00 2.9582e+00 
1.2300e+01 7.1152e+00 5.1757e+00 3.8667e+00 2.9546e+00 
1.2400e+01 7.1048e+00 5.1687e+00 3.8617e+00 2.9511e+00 
1.2500e+01 7.0944e+00 5.1616e+00 3.8568e+00 2.9476e+00 
1.2600e+01 7.0840e+00 5.1545e+00 3.8518e+00 2.9441e+00 
1.2700e+01 7.0736e+00 5.1474e+00 3.8469e+00 2.9405e+00 
1.2800e+01 7.0632e+00 5.1404e+00 3.8419e+00 2.9370e+00 
1.2900e+01 7.0522e+00 5.1328e+00 3.8366e+00 2.9332e+00 
1.3000e+01 7.0322e+00 5.1183e+00 3.8258e+00 2.9249e+00 
1.3100e+01 7.0123e+00 5.1038e+00 3.8149e+00 2.9167e+00 
1.3200e+01 6.9923e+00 5.0893e+00 3.8041e+00 2.9084e+00 
1.3300e+01 6.9723e+00 5.0747e+00 3.7933e+00 2.9001e+00 
1.3400e+01 6.9524e+00 5.0602e+00 3.7824e+00 2.8919e+00 
1.3500e+01 6.9324e+00 5.0457e+00 3.7716e+00 2.8836e+00 
1.3600e+01 6.9124e+00 5.0312e+00 3.7608e+00 2.8753e+00 
1.3700e+01 6.8971e+00 5.0202e+00 3.7527e+00 2.8693e+00 
1.3800e+01 6.8881e+00 5.0141e+00 3.7484e+00 2.8662e+00 
1.3900e+01 6.8792e+00 5.0080e+00 3.7441e+00 2.8631e+00 
1.4000e+01 6.8702e+00 5.0019e+00 3.7398e+00 2.8600e+00 
1.4100e+01 6.8613e+00 4.9957e+00 3.7355e+00 2.8570e+00 
1.4200e+01 6.8523e+00 4.9896e+00 3.7313e+00 2.8539e+00 
1.4300e+01 6.8433e+00 4.9835e+00 3.7270e+00 2.8508e+00 
1.4400e+01 6.8344e+00 4.9774e+00 3.7227e+00 2.8477e+00 
1.4500e+01 6.8255e+00 4.9713e+00 3.7184e+00 2.8447e+00 
1.4600e+01 6.8169e+00 4.9654e+00 3.7143e+00 2.8417e+00 
1.4700e+01 6.8082e+00 4.9595e+00 3.7101e+00 2.8387e+00 
1.4800e+01 6.7996e+00 4.9536e+00 3.7059e+00 2.8357e+00 
1.4900e+01 6.7910e+00 4.9476e+00 3.7018e+00 2.8327e+00 
1.5000e+01 6.7824e+00 4.9417e+00 3.6976e+00 2.8297e+00 
1.5100e+01 6.7737e+00 4.9358e+00 3.6934e+00 2.8266e+00 
1.5200e+01 6.7651e+00 4.9299e+00 3.6893e+00 2.8236e+00 
1.5300e+01 6.7565e+00 4.9240e+00 3.6851e+00 2.8206e+00 
1.5400e+01 6.7481e+00 4.9182e+00 3.6810e+00 2.8177e+00 
1.5500e+01 6.7398e+00 4.9125e+00 3.6770e+00 2.8148e+00 
1.5600e+01 6.7315e+00 4.9067e+00 3.6729e+00 2.8118e+00 
1.5700e+01 6.7233e+00 4.9010e+00 3.6689e+00 2.8089e+00 
1.5800e+01 6.7150e+00 4.8953e+00 3.6649e+00 2.8060e+00 
1.5900e+01 6.7067e+00 4.8896e+00 3.6608e+00 2.8030e+00 
1.6000e+01 6.6984e+00 4.8839e+00 3.6568e+00 2.8001e+00 
1.6100e+01 6.6901e+00 4.8782e+00 3.6527e+00 2.7972e+00 
1.6200e+01 6.6818e+00 4.8724e+00 3.6487e+00 2.7942e+00 
1.6300e+01 6.6738e+00 4.8669e+00 3.6448e+00 2.7914e+00 
1.6400e+01 6.6658e+00 4.8613e+00 3.6408e+00 2.7885e+00 
1.6500e+01 6.6579e+00 4.8558e+00 3.6369e+00 2.7857e+00 
1.6600e+01 6.6499e+00 4.8503e+00 3.6330e+00 2.7828e+00 
1.6700e+01 6.6420e+00 4.8448e+00 3.6291e+00 2.7800e+00 
1.6800e+01 6.6341e+00 4.8393e+00 3.6252e+00 2.7771e+00 
1.6900e+01 6.6261e+00 4.8338e+00 3.6213e+00 2.7743e+00 
1.7000e+01 6.6182e+00 4.8283e+00 3.6174e+00 2.7714e+00 
1.7100e+01 6.6102e+00 4.8228e+00 3.6135e+00 2.7686e+00 
1.7200e+01 6.6023e+00 4.8173e+00 3.6096e+00 2.7657e+00 
1.7300e+01 6.5947e+00 4.8120e+00 3.6058e+00 2.7630e+00 
1.7400e+01 6.5871e+00 4.8067e+00 3.6021e+00 2.7602e+00 
1.7500e+01 6.5795e+00 4.8014e+00 3.5983e+00 2.7575e+00 
1.7600e+01 6.5719e+00 4.7961e+00 3.5945e+00 2.7547e+00 
1.7700e+01 6.5643e+00 4.7908e+00 3.5908e+00 2.7519e+00 
1.7800e+01 6.5567e+00 4.7855e+00 3.5870e+00 2.7492e+00 
1.7900e+01 6.5491e+00 4.7802e+00 3.5832e+00 2.7464e+00 
1.8000e+01 6.5415e+00 4.7749e+00 3.5795e+00 2.7437e+00 
1.8100e+01 6.5339e+00 4.7696e+00 3.5757e+00 2.7409e+00 
1.8200e+01 6.5263e+00 4.7643e+00 3.5719e+00 2.7381e+00 
1.8300e+01 6.5190e+00 4.7592e+00 3.5683e+00 2.7355e+00 
1.8400e+01 6.5117e+00 4.7541e+00 3.5646e+00 2.7328e+00 
1.8500e+01 6.5045e+00 4.7490e+00 3.5610e+00 2.7301e+00 
1.8600e+01 6.4972e+00 4.7439e+00 3.5573e+00 2.7274e+00 
1.8700e+01 6.4899e+00 4.7388e+00 3.5537e+00 2.7248e+00 
1.8800e+01 6.4826e+00 4.7337e+00 3.5500e+00 2.7221e+00 
1.8900e+01 6.4754e+00 4.7286e+00 3.5464e+00 2.7194e+00 
1.9000e+01 6.4681e+00 4.7235e+00 3.5428e+00 2.7167e+00 
1.9100e+01 6.4608e+00 4.7184e+00 3.5391e+00 2.7141e+00 
1.9200e+01 6.4535e+00 4.7133e+00 3.5355e+00 2.7114e+00 
1.9300e+01 6.4463e+00 4.7082e+00 3.5319e+00 2.7087e+00 
1.9400e+01 6.4393e+00 4.7034e+00 3.5284e+00 2.7062e+00 
1.9500e+01 6.4324e+00 4.6985e+00 3.5249e+00 2.7036e+00 
1.9600e+01 6.4254e+00 4.6936e+00 3.5214e+00 2.7010e+00 
1.9700e+01 6.4185e+00 4.6887e+00 3.5179e+00 2.6984e+00 
1.9800e+01 6.4115e+00 4.6838e+00 3.5143e+00 2.6959e+00 
1.9900e+01 6.4046e+00 4.6790e+00 3.5108e+00 2.6933e+00 
